The first line is mean vector, the rest are inversed covariance matrix.
37.1745447898,-81.8713436929,79.6454003656,6.3482285192,4.80780987203,-7.72201828154,-11.4679542962,-4.68161608775,-7.74593784278,-8.26455027422,2.72464716636,8.90924131627
0.0450407290797,-0.00292729656357,-0.0012480141807,-3.66527616093e-05,0.00116235450448,0.00215574453604,0.00175383302095,-0.000186339454136,-0.00508691447577,0.00306291875345,0.00128658215271,0.00070064350231
-0.00292729656357,0.000669607890975,3.0300557315e-05,0.000109279030934,-2.89547058605e-05,-0.00026896460556,-9.67842878775e-05,0.000303386856014,0.00031977589368,0.000153745601849,0.0003055819411,-0.000349908107643
-0.0012480141807,3.0300557315e-05,0.00109557222719,-0.000562331554401,-0.000108634598822,-0.000672834476164,-0.000169330173416,-0.000207212490326,-0.000215826783357,-0.000619097929679,-0.00135365066858,-4.84312104336e-05
-3.66527616093e-05,0.000109279030934,-0.000562331554401,0.00167693671077,0.000329739923918,0.000784272438715,-5.23379797206e-06,0.000371950435168,0.000488920110606,0.00092641627363,0.00242512938381,-0.000452288414959
0.00116235450448,-2.89547058605e-05,-0.000108634598822,0.000329739923918,0.00141118008609,0.00069513373754,-2.64751576549e-05,0.000388262129913,-0.000125490054711,0.000798119504603,0.000733146680998,-0.00039769590387
0.00215574453604,-0.00026896460556,-0.000672834476164,0.000784272438715,0.00069513373754,0.00367589129086,-0.000399381905446,0.00157700413729,0.000384562165489,0.00219617177215,0.00252686814123,5.69816965259e-05
0.00175383302095,-9.67842878775e-05,-0.000169330173416,-5.23379797206e-06,-2.64751576549e-05,-0.000399381905446,0.00234857634279,-0.000590930951476,0.00026276426126,-0.00020167454865,0.000461353467114,-0.000588370161679
-0.000186339454136,0.000303386856014,-0.000207212490326,0.000371950435168,0.000388262129913,0.00157700413729,-0.000590930951476,0.00596343932147,-0.000271518338418,0.0017083812959,0.000966054377922,-0.000634698099317
-0.00508691447577,0.00031977589368,-0.000215826783357,0.000488920110606,-0.000125490054711,0.000384562165489,0.00026276426126,-0.000271518338418,0.00280531833413,-0.00153248267243,0.000831977986073,-3.53772394695e-05
0.00306291875345,0.000153745601849,-0.000619097929679,0.00092641627363,0.000798119504603,0.00219617177215,-0.00020167454865,0.0017083812959,-0.00153248267243,0.00801703942744,0.00253287658149,-0.00041525963404
0.00128658215271,0.0003055819411,-0.00135365066858,0.00242512938381,0.000733146680998,0.00252686814123,0.000461353467114,0.000966054377922,0.000831977986073,0.00253287658149,0.011319815623,-0.00187367371043
0.00070064350231,-0.000349908107643,-4.84312104336e-05,-0.000452288414959,-0.00039769590387,5.69816965259e-05,-0.000588370161679,-0.000634698099317,-3.53772394695e-05,-0.00041525963404,-0.00187367371043,0.00384638462124
