The first line is mean vector, the rest are inversed covariance matrix.
25.7511524927,-34.5245395894,75.3993695015,-2.82654545455,7.6694457478,-5.18280351906,-36.3069208211,-2.44667155425,8.32350439883,2.38817302053,-1.29762756598,4.3546744868
0.217403158237,0.00949600193444,-0.00737634300697,-0.0057023199024,0.010486771217,-0.00619875679814,0.00203670716065,0.00526957151457,-0.0135765191498,0.0128857596357,-0.00432891268686,-0.00136180410791
0.00949600193444,0.00165502138673,-0.000372961167325,-0.000239974008824,0.000599746412272,-7.37407194385e-05,-4.65621102955e-05,0.000639362002865,-0.00060284952731,0.00121123862627,8.98489271901e-05,7.70486144667e-05
-0.00737634300697,-0.000372961167325,0.00157883729685,-0.00078790797842,-0.000278692529766,-0.00116287370422,-0.000151482524038,0.000136925008048,-0.000160602583406,-0.00166484979168,-0.00175165330335,0.000466746027753
-0.0057023199024,-0.000239974008824,-0.00078790797842,0.00278248552132,-5.90631455596e-05,0.00208147423181,0.000769067303098,-0.00116710336819,7.01909487812e-05,0.00164098153075,0.00416022982147,-0.000825761601561
0.010486771217,0.000599746412272,-0.000278692529766,-5.90631455596e-05,0.00224437257605,0.000108845950257,-0.000222860809502,0.000220928416931,-0.00111108934267,0.00034307421562,0.000250484321155,-0.000208451750549
-0.00619875679814,-7.37407194385e-05,-0.00116287370422,0.00208147423181,0.000108845950257,0.00580681389149,0.000963670891911,-0.000635408643177,0.0010388610369,0.000831885425256,0.00334637375274,-0.000870571173908
0.00203670716065,-4.65621102955e-05,-0.000151482524038,0.000769067303098,-0.000222860809502,0.000963670891911,0.00193335960855,-0.000332565809339,-0.000158407114238,-0.000498046110003,0.00125171501132,-0.000741176968315
0.00526957151457,0.000639362002865,0.000136925008048,-0.00116710336819,0.000220928416931,-0.000635408643177,-0.000332565809339,0.0047530777652,4.2961272622e-05,0.000660415251943,-0.00020521506796,-0.000148488931057
-0.0135765191498,-0.00060284952731,-0.000160602583406,7.01909487812e-05,-0.00111108934267,0.0010388610369,-0.000158407114238,4.2961272622e-05,0.00323753230083,-0.00227007633217,-3.02206653919e-05,-0.00106163605561
0.0128857596357,0.00121123862627,-0.00166484979168,0.00164098153075,0.00034307421562,0.000831885425256,-0.000498046110003,0.000660415251943,-0.00227007633217,0.0119798793783,0.00373709290697,-0.000705802044956
-0.00432891268686,8.98489271901e-05,-0.00175165330335,0.00416022982147,0.000250484321155,0.00334637375274,0.00125171501132,-0.00020521506796,-3.02206653919e-05,0.00373709290697,0.0125527230671,-0.00169690289931
-0.00136180410791,7.70486144667e-05,0.000466746027753,-0.000825761601561,-0.000208451750549,-0.000870571173908,-0.000741176968315,-0.000148488931057,-0.00106163605561,-0.000705802044956,-0.00169690289931,0.00413544657372
