The first line is mean vector, the rest are inversed covariance matrix.
16.0622275449,-95.7980538922,-43.7327185629,-26.3255359281,84.618508982,-31.6003323353,-12.3465508982,21.9181197605,-24.0680508982,7.44505389222,-0.519964071856,-2.61848802395
2.93937194968,0.186129408892,-0.0700413133581,-0.118088646755,0.115782193268,-0.122722960033,0.00719685022666,0.124155132996,-0.121415612492,0.0916152750163,-0.00139065699288,-0.0137245763265
0.186129408892,0.012493236426,-0.00469613830719,-0.0070714355697,0.00802885979201,-0.00714313580412,0.000954612374694,0.00723697309811,-0.00810346450423,0.00456096963313,0.000404567808279,-0.00165139236711
-0.0700413133581,-0.00469613830719,0.00446721447606,-0.000187738392648,-0.0043150021055,0.00133392477736,-0.00186590518442,0.000890667636161,0.00430326152954,0.000512038699741,-0.000656281609132,0.00188869002119
-0.118088646755,-0.0070714355697,-0.000187738392648,0.0102312067155,-0.00342079001969,0.00395287252833,0.000783496939615,-0.0113511069452,0.00262882868416,-0.00373067524695,-0.000130748293538,-0.000907911266478
0.115782193268,0.00802885979201,-0.0043150021055,-0.00342079001969,0.00723202806171,-0.00230139956654,0.00162937217603,0.00286195221989,-0.00563450490861,-0.00036982160554,0.000808358148069,-0.00247984948282
-0.122722960033,-0.00714313580412,0.00133392477736,0.00395287252833,-0.00230139956654,0.0124069024029,0.00154563179882,-0.00462130670373,0.00572512571835,-0.0113585612759,0.00123616900727,-0.000862110730313
0.00719685022666,0.000954612374694,-0.00186590518442,0.000783496939615,0.00162937217603,0.00154563179882,0.00299290104524,-0.00136682639824,-0.000175909264192,-0.00285042571808,0.00194652765648,-0.00170466514622
0.124155132996,0.00723697309811,0.000890667636161,-0.0113511069452,0.00286195221989,-0.00462130670373,-0.00136682639824,0.0154806861786,-0.00204931488128,0.00613374361616,0.00127496683742,0.00185842717272
-0.121415612492,-0.00810346450423,0.00430326152954,0.00262882868416,-0.00563450490861,0.00572512571835,-0.000175909264192,-0.00204931488128,0.00947350520431,-0.00357045125953,0.0013224399071,0.0022159036491
0.0916152750163,0.00456096963313,0.000512038699741,-0.00373067524695,-0.00036982160554,-0.0113585612759,-0.00285042571808,0.00613374361616,-0.00357045125953,0.0164357919609,-0.000502008805419,0.00354188953243
-0.00139065699288,0.000404567808279,-0.000656281609132,-0.000130748293538,0.000808358148069,0.00123616900727,0.00194652765648,0.00127496683742,0.0013224399071,-0.000502008805419,0.0157710100639,-0.00258997531155
-0.0137245763265,-0.00165139236711,0.00188869002119,-0.000907911266478,-0.00247984948282,-0.000862110730313,-0.00170466514622,0.00185842717272,0.0022159036491,0.00354188953243,-0.00258997531155,0.00529660793904
