The first line is mean vector, the rest are inversed covariance matrix.
45.6973164179,-33.0015149254,14.7134253731,17.4009343284,21.7975134328,-5.8715238806,13.1166134328,-1.94780597015,10.1173223881,0.414985074627,0.983601492537,5.42701641791
0.096530552157,-0.00473013502575,-0.00590174903951,-0.00172504031458,-0.00236179577605,-0.000311426057313,-0.000421578557624,0.00605065936849,-0.00156625502276,0.00191598718507,0.000463059717232,-0.00104003008918
-0.00473013502575,0.00120183331577,0.000472837793983,0.000221093337874,0.000349119926121,-8.25101489875e-06,7.20473483661e-05,2.64185982555e-05,-1.77638318875e-06,0.000120741540072,0.000133371441421,8.54097258515e-05
-0.00590174903951,0.000472837793983,0.00118655731723,0.000307575959164,0.000520791589446,0.000112846339458,-0.000640831122398,-0.00064568354708,1.87182770367e-05,-0.00041202397107,-0.00012320894387,0.0003732402035
-0.00172504031458,0.000221093337874,0.000307575959164,0.00105525216535,-4.95453624225e-06,0.000455601127927,0.000166243244446,-8.51179970976e-06,-0.000211879434303,0.000116906028828,-1.85272005593e-05,-0.000230987611584
-0.00236179577605,0.000349119926121,0.000520791589446,-4.95453624225e-06,0.00252284629053,-0.0004363448796,-0.00026598773242,-0.000305637473457,-0.00015173092333,-0.000187587035791,-0.000264218176044,-0.000353589666877
-0.000311426057313,-8.25101489875e-06,0.000112846339458,0.000455601127927,-0.0004363448796,0.00130782907642,-0.000298689555022,-0.000123907674542,-0.000394767266535,0.00019183594659,0.000171325097123,0.000308736305771
-0.000421578557624,7.20473483661e-05,-0.000640831122398,0.000166243244446,-0.00026598773242,-0.000298689555022,0.00292161917348,0.000569432926052,0.00052179848541,0.000745737053426,-0.000344955877606,-0.00150268704669
0.00605065936849,2.64185982555e-05,-0.00064568354708,-8.51179970976e-06,-0.000305637473457,-0.000123907674542,0.000569432926052,0.00411134374246,0.000147362783294,0.00160761653856,0.000386772349671,-0.000655571651454
-0.00156625502276,-1.77638318875e-06,1.87182770367e-05,-0.000211879434303,-0.00015173092333,-0.000394767266535,0.00052179848541,0.000147362783294,0.00450397156401,0.000421063306048,0.000191366115291,0.000214788529996
0.00191598718507,0.000120741540072,-0.00041202397107,0.000116906028828,-0.000187587035791,0.00019183594659,0.000745737053426,0.00160761653856,0.000421063306048,0.00390011264087,-0.000389007484805,-0.000525693934223
0.000463059717232,0.000133371441421,-0.00012320894387,-1.85272005593e-05,-0.000264218176044,0.000171325097123,-0.000344955877606,0.000386772349671,0.000191366115291,-0.000389007484805,0.00409024906368,0.000488312107694
-0.00104003008918,8.54097258515e-05,0.0003732402035,-0.000230987611584,-0.000353589666877,0.000308736305771,-0.00150268704669,-0.000655571651454,0.000214788529996,-0.000525693934223,0.000488312107694,0.00478252810305
