The first line is mean vector, the rest are inversed covariance matrix.
43.2480888889,-25.2497673203,64.1400993464,7.5982,-3.26264313725,0.136030065359,-7.8506379085,-6.95306143791,8.70798954248,-0.26948496732,-3.1624248366,-5.74535686275
0.0322076841389,-0.000697281675171,-0.00316458914159,-0.000559837853138,0.000799050165074,0.000903082235944,0.000519583588264,0.00129249059814,-0.00256778137475,0.000777162329782,0.000213163295351,0.000691679856132
-0.000697281675171,0.000822011833006,0.000251068059843,0.000125864373756,-8.47156338048e-05,0.000103131461478,9.84747841131e-05,-0.000139460181458,1.70751611332e-05,7.09927622381e-05,-0.000134743598348,-7.43784475545e-05
-0.00316458914159,0.000251068059843,0.00116098640942,-1.48167694036e-05,3.49149204452e-06,-0.000187666111126,-0.000324070714393,-0.000547955109772,4.84233930417e-05,-0.000522517708163,-0.000190617625644,0.000343588441498
-0.000559837853138,0.000125864373756,-1.48167694036e-05,0.001200077051,0.000156736699046,0.000478014704646,1.455712335e-05,0.000284506781145,-0.000388118708179,0.000187787325477,0.000907371961194,-0.000260855698464
0.000799050165074,-8.47156338048e-05,3.49149204452e-06,0.000156736699046,0.00169486664284,0.000259557456065,-0.000234844543491,-0.000199134505842,-0.000541531637622,0.00012690150234,0.000440438811632,-0.000261299322067
0.000903082235944,0.000103131461478,-0.000187666111126,0.000478014704646,0.000259557456065,0.00168112197764,0.000151782606686,0.000187870254236,-0.000231845116821,0.00040453003953,0.000628985494929,-0.000319656865946
0.000519583588264,9.84747841131e-05,-0.000324070714393,1.455712335e-05,-0.000234844543491,0.000151782606686,0.00201294483512,0.000224810983594,7.85691420412e-05,0.000208853235059,-0.000291485515613,-0.000336876652454
0.00129249059814,-0.000139460181458,-0.000547955109772,0.000284506781145,-0.000199134505842,0.000187870254236,0.000224810983594,0.00231223985099,-0.000208299758877,0.000754588755844,0.000426425529483,-0.000513441007469
-0.00256778137475,1.70751611332e-05,4.84233930417e-05,-0.000388118708179,-0.000541531637622,-0.000231845116821,7.85691420412e-05,-0.000208299758877,0.00360017025665,0.000230010460388,-0.000375940199016,-0.000299168412573
0.000777162329782,7.09927622381e-05,-0.000522517708163,0.000187787325477,0.00012690150234,0.00040453003953,0.000208853235059,0.000754588755844,0.000230010460388,0.00359331622928,0.000496013246386,-0.000689905321775
0.000213163295351,-0.000134743598348,-0.000190617625644,0.000907371961194,0.000440438811632,0.000628985494929,-0.000291485515613,0.000426425529483,-0.000375940199016,0.000496013246386,0.00461037672416,-0.000109444508343
0.000691679856132,-7.43784475545e-05,0.000343588441498,-0.000260855698464,-0.000261299322067,-0.000319656865946,-0.000336876652454,-0.000513441007469,-0.000299168412573,-0.000689905321775,-0.000109444508343,0.00361287447592
