The first line is mean vector, the rest are inversed covariance matrix.
34.0656053963,-77.4649359191,9.43210623946,-13.7659443508,-32.8010674536,-3.99740303541,3.43191568297,0.904794266442,-6.45982799325,-1.6563693086,1.79406576728,24.7057908938
0.109136289211,-0.000197681286674,-0.00848405214701,-0.00082432799284,0.000349513906586,0.000732181784213,0.00276008026992,0.000448633521435,-0.00184155986275,-0.000160045984174,0.00276076241842,-0.00210247361335
-0.000197681286674,0.000724500142905,0.000189793263477,0.000103129193062,-0.000133434355948,-0.000104770194691,0.000167381566566,0.000309213691084,-3.52274884136e-06,0.000402782272516,-0.000122687111562,-0.000495018626726
-0.00848405214701,0.000189793263477,0.00193263711141,9.6241008984e-05,-0.000316306878664,-0.000477899073493,0.000214680758941,2.00489295706e-05,0.000158949509888,-0.000200555255505,-0.000253533642788,0.000278176616795
-0.00082432799284,0.000103129193062,9.6241008984e-05,0.00134615907515,6.42533215229e-05,0.000322931244042,0.000140463785829,5.23348453644e-05,0.000153651546229,-0.000179261654042,0.00077228887739,4.04135717891e-05
0.000349513906586,-0.000133434355948,-0.000316306878664,6.42533215229e-05,0.00141790914426,0.000277738519437,-0.000526872336966,-0.000114019902372,-0.000655141292631,-0.000307356025164,0.000249053863328,-1.22094735285e-05
0.000732181784213,-0.000104770194691,-0.000477899073493,0.000322931244042,0.000277738519437,0.00196156376386,0.000109022591866,0.00036508403822,-0.000121308151583,-0.000128674874536,9.50739363936e-05,0.000246093283283
0.00276008026992,0.000167381566566,0.000214680758941,0.000140463785829,-0.000526872336966,0.000109022591866,0.00196471708749,-9.98006109511e-05,0.000226380701941,-0.000277658308991,0.000139436813214,-0.000479602163142
0.000448633521435,0.000309213691084,2.00489295706e-05,5.23348453644e-05,-0.000114019902372,0.00036508403822,-9.98006109511e-05,0.00271626927591,-0.000786139400815,0.0011063000786,-1.35529463243e-05,9.01001167028e-05
-0.00184155986275,-3.52274884136e-06,0.000158949509888,0.000153651546229,-0.000655141292631,-0.000121308151583,0.000226380701941,-0.000786139400815,0.00304168569364,-0.000383705372898,0.000199517534751,0.000185249050023
-0.000160045984174,0.000402782272516,-0.000200555255505,-0.000179261654042,-0.000307356025164,-0.000128674874536,-0.000277658308991,0.0011063000786,-0.000383705372898,0.00433418423067,-0.000347043544722,4.96363243564e-05
0.00276076241842,-0.000122687111562,-0.000253533642788,0.00077228887739,0.000249053863328,9.50739363936e-05,0.000139436813214,-1.35529463243e-05,0.000199517534751,-0.000347043544722,0.00467637562787,-9.07284732683e-05
-0.00210247361335,-0.000495018626726,0.000278176616795,4.04135717891e-05,-1.22094735285e-05,0.000246093283283,-0.000479602163142,9.01001167028e-05,0.000185249050023,4.96363243564e-05,-9.07284732683e-05,0.00361292066339
