The first line is mean vector, the rest are inversed covariance matrix.
46.1634059406,37.1913295615,35.5159250354,-0.611811881188,9.24074540311,-7.77764356436,1.33309193777,-2.04171570014,11.3754087694,-2.88159123055,-2.21262800566,-1.03462234795
0.0670282386435,-0.000577939813527,0.00334334947351,0.00219776725333,0.0029698126754,0.00124315682892,0.00379851818484,-0.00135986875387,0.00111542380954,-0.000380338019626,0.00110076404951,0.000467920598003
-0.000577939813527,0.000865724237602,-0.000509770569827,-7.88853953767e-06,0.000171246135868,0.000190229036053,0.000124974816828,0.000307791926228,0.000141263665272,0.000302510009011,-0.000342313918992,-0.00048834609006
0.00334334947351,-0.000509770569827,0.000909204786126,-0.000373176525595,-0.000232918407502,-0.000128591618872,1.22969676061e-05,-0.000542946150356,-1.80078689851e-05,-0.000441876877749,-0.000180442971154,-6.88213538711e-05
0.00219776725333,-7.88853953767e-06,-0.000373176525595,0.00160977361002,0.000199181709987,0.000345660198017,-6.66267660889e-06,0.000392633384265,-0.000153199472653,-3.43238394843e-05,0.00076953020474,-0.000390009497159
0.0029698126754,0.000171246135868,-0.000232918407502,0.000199181709987,0.00187888227635,-0.000145611439405,0.000309175676352,-0.000193687248092,-0.00011489518734,0.000102395271029,0.000562349905929,0.000326121997312
0.00124315682892,0.000190229036053,-0.000128591618872,0.000345660198017,-0.000145611439405,0.00302523292781,-7.07080290019e-06,0.000639164986464,-0.000558698125611,0.00131425544629,-0.000655140410932,-0.000127593054625
0.00379851818484,0.000124974816828,1.22969676061e-05,-6.66267660889e-06,0.000309175676352,-7.07080290019e-06,0.00261511701579,0.000237262849402,-0.000385641914839,0.00028762990121,9.78740671528e-05,-0.000375819464612
-0.00135986875387,0.000307791926228,-0.000542946150356,0.000392633384265,-0.000193687248092,0.000639164986464,0.000237262849402,0.00372237958772,0.000266667316057,0.000835251461499,-0.000606794885176,-0.000426956056252
0.00111542380954,0.000141263665272,-1.80078689851e-05,-0.000153199472653,-0.00011489518734,-0.000558698125611,-0.000385641914839,0.000266667316057,0.004128040455,-2.12775425245e-05,0.00034661497648,-0.000355507681913
-0.000380338019626,0.000302510009011,-0.000441876877749,-3.43238394843e-05,0.000102395271029,0.00131425544629,0.00028762990121,0.000835251461499,-2.12775425245e-05,0.0052444434325,-0.000179993349835,0.000107662609822
0.00110076404951,-0.000342313918992,-0.000180442971154,0.00076953020474,0.000562349905929,-0.000655140410932,9.78740671528e-05,-0.000606794885176,0.00034661497648,-0.000179993349835,0.00863280607173,-0.000627508020748
0.000467920598003,-0.00048834609006,-6.88213538711e-05,-0.000390009497159,0.000326121997312,-0.000127593054625,-0.000375819464612,-0.000426956056252,-0.000355507681913,0.000107662609822,-0.000627508020748,0.00565762808737
