The first line is mean vector, the rest are inversed covariance matrix.
43.78897733,-32.1727380353,34.0811536524,3.52859949622,-16.5918123426,8.69237531486,-0.541356423174,-5.85649118388,5.09233627204,-1.08128085642,-1.78083123426,9.38135264484
0.054300756435,-0.00161407819235,-0.00322362009627,-0.00169824581265,-0.000826623223903,-0.000561313702404,0.000732568435299,0.00194663171586,-0.0017226300226,-1.07653818371e-05,0.000979203197672,-0.000257980445234
-0.00161407819235,0.000631431510142,0.000213113719624,1.89913559858e-05,-0.000158825927459,-0.000110198727404,3.0720216501e-05,2.2546837237e-05,-6.99179013807e-05,0.000123627623836,-0.000201252367145,0.000325872687376
-0.00322362009627,0.000213113719624,0.000803933784722,8.46859699522e-05,0.000192599042137,-0.000210924522564,5.57132997421e-06,-0.000316675253375,-0.000202582703896,-0.000192417650882,-0.00048691651514,0.000104714286604
-0.00169824581265,1.89913559858e-05,8.46859699522e-05,0.000712123680985,0.00030291540774,0.000240894347466,-5.73622870459e-05,0.00025993843976,-0.000132581445499,0.000286064781022,0.000601490204268,-0.000153114430963
-0.000826623223903,-0.000158825927459,0.000192599042137,0.00030291540774,0.00166442178452,-4.36531864126e-05,8.50958920715e-05,7.23549772126e-05,-0.000524649190277,-6.70197822224e-05,0.000293508517301,-0.000373121882952
-0.000561313702404,-0.000110198727404,-0.000210924522564,0.000240894347466,-4.36531864126e-05,0.00112012856157,-0.000159476660784,1.09434878215e-05,0.000115516570641,0.000123087564349,0.000143706333066,7.81389171965e-05
0.000732568435299,3.0720216501e-05,5.57132997421e-06,-5.73622870459e-05,8.50958920715e-05,-0.000159476660784,0.00132698680094,0.000137509749625,-0.000422823964323,-0.000128610367454,-0.000262548254372,-0.000257208115837
0.00194663171586,2.2546837237e-05,-0.000316675253375,0.00025993843976,7.23549772126e-05,1.09434878215e-05,0.000137509749625,0.00230603533676,-0.000436927297447,0.000635562517272,0.000501826013954,-5.41418821224e-05
-0.0017226300226,-6.99179013807e-05,-0.000202582703896,-0.000132581445499,-0.000524649190277,0.000115516570641,-0.000422823964323,-0.000436927297447,0.00292899906339,-0.000194682202922,0.000244621667674,0.000412393720548
-1.07653818371e-05,0.000123627623836,-0.000192417650882,0.000286064781022,-6.70197822224e-05,0.000123087564349,-0.000128610367454,0.000635562517272,-0.000194682202922,0.00346987372102,0.000520020578932,0.000316319564016
0.000979203197672,-0.000201252367145,-0.00048691651514,0.000601490204268,0.000293508517301,0.000143706333066,-0.000262548254372,0.000501826013954,0.000244621667674,0.000520020578932,0.00303247126603,-0.000243273949712
-0.000257980445234,0.000325872687376,0.000104714286604,-0.000153114430963,-0.000373121882952,7.81389171965e-05,-0.000257208115837,-5.41418821224e-05,0.000412393720548,0.000316319564016,-0.000243273949712,0.00276590931145
