The first line is mean vector, the rest are inversed covariance matrix.
36.558858458,-37.0043952819,-37.6263170311,-6.45912543153,3.01040909091,-9.72992807825,-5.27070655926,4.84718929804,4.46354545455,11.1477382048,-0.45513693901,0.694281357883
0.118905172435,0.00290642119779,-0.00810783901113,-0.00419643083902,0.00335468943675,-0.00401515606366,0.0036939901837,0.00370480698744,-0.00229239397585,0.00104369774192,-0.00120031100975,0.000168468134265
0.00290642119779,0.000892446173708,6.18094553629e-05,-7.72339846585e-05,0.00049313480303,-8.72880803854e-05,0.000369488712247,0.000127805415071,-0.000303032723977,-0.000263086465364,-0.000238966381986,-8.46030969733e-05
-0.00810783901113,6.18094553629e-05,0.00153607357131,6.12120164796e-05,-0.000249266001306,-3.9016800945e-05,-0.000254390253903,1.98727912145e-05,0.000954397670765,-6.92301957659e-06,4.36184759591e-05,0.00078806174588
-0.00419643083902,-7.72339846585e-05,6.12120164796e-05,0.00141665574333,0.000179402357804,0.000118137344781,0.00038124325237,-0.000674769443273,-0.000172832138457,0.00017463678265,0.000162264948713,-0.000197010360932
0.00335468943675,0.00049313480303,-0.000249266001306,0.000179402357804,0.00355991412834,-2.76841024229e-05,0.000614320753262,0.000632638364577,-0.0012348768978,-0.00111146065009,0.000297183128219,-6.99998122509e-05
-0.00401515606366,-8.72880803854e-05,-3.9016800945e-05,0.000118137344781,-2.76841024229e-05,0.00174902744991,-0.000218711555778,-0.000163110350669,5.89029507009e-05,-0.000544139230269,-0.000352653270281,-0.000188682258014
0.0036939901837,0.000369488712247,-0.000254390253903,0.00038124325237,0.000614320753262,-0.000218711555778,0.00375768537834,0.000228086483809,-0.000657970377214,-0.000911868636813,-5.98044430658e-05,-0.00128435905855
0.00370480698744,0.000127805415071,1.98727912145e-05,-0.000674769443273,0.000632638364577,-0.000163110350669,0.000228086483809,0.00285816117708,-0.000536405673146,-0.000257964618533,0.000348218165695,-0.000370987264685
-0.00229239397585,-0.000303032723977,0.000954397670765,-0.000172832138457,-0.0012348768978,5.89029507009e-05,-0.000657970377214,-0.000536405673146,0.00466200028412,0.000943377656724,2.56024741634e-05,0.00200500572429
0.00104369774192,-0.000263086465364,-6.92301957659e-06,0.00017463678265,-0.00111146065009,-0.000544139230269,-0.000911868636813,-0.000257964618533,0.000943377656724,0.00370850387027,0.000662210773691,0.00107236199412
-0.00120031100975,-0.000238966381986,4.36184759591e-05,0.000162264948713,0.000297183128219,-0.000352653270281,-5.98044430658e-05,0.000348218165695,2.56024741634e-05,0.000662210773691,0.00606084618378,-0.000897669809893
0.000168468134265,-8.46030969733e-05,0.00078806174588,-0.000197010360932,-6.99998122509e-05,-0.000188682258014,-0.00128435905855,-0.000370987264685,0.00200500572429,0.00107236199412,-0.000897669809893,0.00531456340542
