The first line is mean vector, the rest are inversed covariance matrix.
48.1325780731,32.81060299,23.4954468439,-0.839,32.1898438538,-18.7010946844,2.76542026578,3.58529401993,3.94766943522,7.4650448505,-2.25794186047,-3.83375747508
0.0359393773039,-0.00118854922792,-0.000264658494582,-0.000811034223722,0.000672349153559,0.0012625228348,-0.0028768242477,-0.000489603473357,0.000519110488713,-0.00133999807843,-0.000572161800871,0.00228330032462
-0.00118854922792,0.000710700346773,0.000144240487491,0.00024249334767,-0.000315840028833,4.63831389335e-05,0.000256697788215,-1.95786353483e-05,0.000224367821544,0.00014595603969,0.000281082317883,-0.000291442855171
-0.000264658494582,0.000144240487491,0.000847119646033,-5.55955524349e-05,-0.000230891814106,-0.000177455204197,0.000191247896062,-6.75061292691e-05,1.82959901732e-05,5.66684994064e-05,-7.26800185128e-05,-0.000157670937008
-0.000811034223722,0.00024249334767,-5.55955524349e-05,0.00113484935833,6.01990576343e-05,0.000254563411266,0.000401291790289,-0.000194202162991,0.000118222714637,-0.000126661210544,0.00049771143491,-0.000727874238938
0.000672349153559,-0.000315840028833,-0.000230891814106,6.01990576343e-05,0.0016404165451,0.000229328150399,-7.92999621645e-05,1.76533226295e-05,-0.000203380628482,-2.46754793886e-05,9.3439553132e-05,-0.000125298963474
0.0012625228348,4.63831389335e-05,-0.000177455204197,0.000254563411266,0.000229328150399,0.00197038406674,0.000135367848071,0.000187897679761,9.13474768417e-05,0.000102576853024,-0.000340017563623,-0.000342971400867
-0.0028768242477,0.000256697788215,0.000191247896062,0.000401291790289,-7.92999621645e-05,0.000135367848071,0.00201611510256,-6.87148053726e-05,0.000149358736638,-0.000305595721645,0.000187843114906,-0.000335306347554
-0.000489603473357,-1.95786353483e-05,-6.75061292691e-05,-0.000194202162991,1.76533226295e-05,0.000187897679761,-6.87148053726e-05,0.00261877452009,-9.98962990231e-05,0.000724766340338,-0.000398802148726,5.06753531569e-05
0.000519110488713,0.000224367821544,1.82959901732e-05,0.000118222714637,-0.000203380628482,9.13474768417e-05,0.000149358736638,-9.98962990231e-05,0.00309295421319,-0.000450810789794,0.000208891273343,0.000703176495033
-0.00133999807843,0.00014595603969,5.66684994064e-05,-0.000126661210544,-2.46754793886e-05,0.000102576853024,-0.000305595721645,0.000724766340338,-0.000450810789794,0.00483044216199,-8.6406242347e-05,0.000294902896356
-0.000572161800871,0.000281082317883,-7.26800185128e-05,0.00049771143491,9.3439553132e-05,-0.000340017563623,0.000187843114906,-0.000398802148726,0.000208891273343,-8.6406242347e-05,0.0046601454298,-9.21548194569e-05
0.00228330032462,-0.000291442855171,-0.000157670937008,-0.000727874238938,-0.000125298963474,-0.000342971400867,-0.000335306347554,5.06753531569e-05,0.000703176495033,0.000294902896356,-9.21548194569e-05,0.00486742634862
