The first line is mean vector, the rest are inversed covariance matrix.
46.3856915033,54.3593254902,1.62902091503,5.28872287582,3.87784444444,4.1692496732,-2.15448104575,4.685,21.9816444444,7.16305228758,-8.03014901961,-0.315871895425
0.0588027976075,-0.000590810332153,-0.000729361246045,-0.00132500465384,0.00018193860234,-5.41667604716e-05,-0.00166815073825,0.000388024212513,-0.00187634238738,0.00185016268495,-0.00077364799371,0.0021836776234
-0.000590810332153,0.000785603544646,-3.5264412425e-05,3.78939143025e-06,-0.00011874697172,5.4895216191e-05,0.000134246575716,0.000138632368636,0.000156598994071,9.34933603796e-05,-0.000194477218013,0.000124646808148
-0.000729361246045,-3.5264412425e-05,0.000839958285184,-9.43046716236e-05,-0.000486941832371,-0.000142668421532,-0.000187535923452,-5.72428928527e-06,-0.000180866095382,-0.00033203917151,-0.000347407456509,2.06316738793e-05
-0.00132500465384,3.78939143025e-06,-9.43046716236e-05,0.000618376007071,-0.000110520340867,5.36534386489e-05,-9.05594153406e-05,-0.000289800328911,0.000409918794907,0.000120260037712,0.000257624819002,-8.73080117183e-05
0.00018193860234,-0.00011874697172,-0.000486941832371,-0.000110520340867,0.00145938626112,-0.000274923324276,0.000400173818045,-3.99594571805e-06,6.37788052247e-05,-6.60720649845e-05,-6.34685534886e-05,-0.000587996179388
-5.41667604716e-05,5.4895216191e-05,-0.000142668421532,5.36534386489e-05,-0.000274923324276,0.00127339333992,-0.000120729248982,-0.000233897618981,0.000525316458836,-8.47075730283e-05,-0.000162380968096,0.000320775388637
-0.00166815073825,0.000134246575716,-0.000187535923452,-9.05594153406e-05,0.000400173818045,-0.000120729248982,0.00129802074933,-9.90576825023e-05,-0.000150969278674,-4.47291961397e-05,-6.99687597388e-05,-0.000411684752661
0.000388024212513,0.000138632368636,-5.72428928527e-06,-0.000289800328911,-3.99594571805e-06,-0.000233897618981,-9.90576825023e-05,0.00228269824927,-0.000288401016108,0.000681886488755,-0.000194618663307,0.000183397035978
-0.00187634238738,0.000156598994071,-0.000180866095382,0.000409918794907,6.37788052247e-05,0.000525316458836,-0.000150969278674,-0.000288401016108,0.00390942402125,-0.000148090606302,3.25517527588e-05,0.000108240190169
0.00185016268495,9.34933603796e-05,-0.00033203917151,0.000120260037712,-6.60720649845e-05,-8.47075730283e-05,-4.47291961397e-05,0.000681886488755,-0.000148090606302,0.00383539790913,0.000231749262101,-0.00014124636144
-0.00077364799371,-0.000194477218013,-0.000347407456509,0.000257624819002,-6.34685534886e-05,-0.000162380968096,-6.99687597388e-05,-0.000194618663307,3.25517527588e-05,0.000231749262101,0.00306614884519,6.15847688153e-05
0.0021836776234,0.000124646808148,2.06316738793e-05,-8.73080117183e-05,-0.000587996179388,0.000320775388637,-0.000411684752661,0.000183397035978,0.000108240190169,-0.00014124636144,6.15847688153e-05,0.00390528657756
