The first line is mean vector, the rest are inversed covariance matrix.
42.6651354167,-52.83253125,-26.5093828125,-22.0148333333,-25.5150442708,-17.1884322917,0.01854296875,-7.75494401042,4.25216015625,-6.88329296875,-0.630555989583,2.72271875
0.104009463402,-0.00193005164123,-0.00637669687121,-0.00177257545661,-0.00446728470621,0.00112306118223,0.00373481942056,0.000344094238643,0.00332547401053,0.00248182812656,-0.000817149814224,0.00050648414411
-0.00193005164123,0.000891398397103,0.000423580031777,0.000158945719815,-0.000219632259059,-0.000261956406187,0.000182322630546,0.000292495474867,0.00037054806737,0.000345956940052,0.000238565038216,0.000242843900407
-0.00637669687121,0.000423580031777,0.00158549677877,2.66601496261e-05,0.000317952456209,-0.000125062970658,-0.000680584498605,-0.000423527715019,-0.000158607802933,-0.000390365541741,-0.000224802834032,0.000204981407266
-0.00177257545661,0.000158945719815,2.66601496261e-05,0.00146981803673,0.000177933071623,0.000282062408715,-0.00021508547314,0.000729538976593,-0.000360352882275,-0.000160195332743,0.000898906854446,-0.000213388018273
-0.00446728470621,-0.000219632259059,0.000317952456209,0.000177933071623,0.0025432763768,0.000103944159256,-0.000502227000999,-0.000212487943019,0.000631650891661,0.000313282845312,0.000781648667208,-8.71421862283e-05
0.00112306118223,-0.000261956406187,-0.000125062970658,0.000282062408715,0.000103944159256,0.00281029623231,-0.000222570746482,0.00019569708203,-0.000561061505532,0.000801399041249,2.83142773732e-05,-0.000102389055104
0.00373481942056,0.000182322630546,-0.000680584498605,-0.00021508547314,-0.000502227000999,-0.000222570746482,0.00361007029469,0.000128875430179,-0.000273203834111,8.22768388014e-05,-8.50453404697e-05,-0.000636537601602
0.000344094238643,0.000292495474867,-0.000423527715019,0.000729538976593,-0.000212487943019,0.00019569708203,0.000128875430179,0.0035143850103,-0.000147395261978,0.000255678732476,0.000225042946121,0.000341258584793
0.00332547401053,0.00037054806737,-0.000158607802933,-0.000360352882275,0.000631650891661,-0.000561061505532,-0.000273203834111,-0.000147395261978,0.00475137240355,0.000516049193718,6.54412602405e-05,-8.75135863434e-05
0.00248182812656,0.000345956940052,-0.000390365541741,-0.000160195332743,0.000313282845312,0.000801399041249,8.22768388014e-05,0.000255678732476,0.000516049193718,0.00503039356388,-0.000622694111594,0.000463940643787
-0.000817149814224,0.000238565038216,-0.000224802834032,0.000898906854446,0.000781648667208,2.83142773732e-05,-8.50453404697e-05,0.000225042946121,6.54412602405e-05,-0.000622694111594,0.00722802451258,-0.000825303968272
0.00050648414411,0.000242843900407,0.000204981407266,-0.000213388018273,-8.71421862283e-05,-0.000102389055104,-0.000636537601602,0.000341258584793,-8.75135863434e-05,0.000463940643787,-0.000825303968272,0.00478724632847
