The first line is mean vector, the rest are inversed covariance matrix.
45.4546510172,-25.0407089202,0.214680751174,1.13405320814,6.12768701095,-13.0907949922,-5.43458685446,-0.159113458529,-11.6547824726,-3.06894366197,4.65114788732,10.582213615
0.0710782153226,-0.000814183895825,9.61165378059e-05,-0.000650192988292,-0.00214651554628,-0.000871640603895,0.00148822850306,0.00073326260595,0.000540764044693,-0.000555093221023,0.000100085772588,0.000827702161186
-0.000814183895825,0.000668299637691,-5.98833384668e-05,-4.80778108632e-05,-1.97976583692e-05,-3.73147364993e-05,-0.000183646381601,6.40156282852e-05,-5.18331956587e-05,0.000379422705284,-3.03525542562e-05,-3.2923518114e-05
9.61165378059e-05,-5.98833384668e-05,0.00073867842346,-0.000255173242113,-0.000167916517044,-0.000142113312071,-0.000269891196122,-9.10118747293e-05,0.00025653474366,-0.000209172096938,9.87463745451e-06,0.000582546330342
-0.000650192988292,-4.80778108632e-05,-0.000255173242113,0.00118494898704,0.000339771944972,0.000187872453527,-0.000119534297496,6.24835858834e-05,-0.000184454316509,-2.11234939051e-05,-0.000781350673611,7.0370462971e-05
-0.00214651554628,-1.97976583692e-05,-0.000167916517044,0.000339771944972,0.00156533273075,0.000216004202725,0.000252798553673,4.29590319199e-05,-0.000692159936364,-4.3111632654e-05,0.000169110086318,-0.000255401427448
-0.000871640603895,-3.73147364993e-05,-0.000142113312071,0.000187872453527,0.000216004202725,0.00152350393518,-0.000108599881712,3.41713775596e-05,0.000313022895486,0.000206094898547,2.07291006136e-05,0.000122027270817
0.00148822850306,-0.000183646381601,-0.000269891196122,-0.000119534297496,0.000252798553673,-0.000108599881712,0.00181103232612,-4.81862156395e-05,-0.000610249043205,-0.000242048101956,0.000659175392636,-0.000831898630125
0.00073326260595,6.40156282852e-05,-9.10118747293e-05,6.24835858834e-05,4.29590319199e-05,3.41713775596e-05,-4.81862156395e-05,0.00267513138325,-0.000408116583333,0.000642276875575,-0.000285033190332,6.69277280866e-05
0.000540764044693,-5.18331956587e-05,0.00025653474366,-0.000184454316509,-0.000692159936364,0.000313022895486,-0.000610249043205,-0.000408116583333,0.00383311647522,-0.000229815437847,-4.30904270619e-05,0.0011953880294
-0.000555093221023,0.000379422705284,-0.000209172096938,-2.11234939051e-05,-4.3111632654e-05,0.000206094898547,-0.000242048101956,0.000642276875575,-0.000229815437847,0.00388841752959,0.000275280565542,0.000394224176041
0.000100085772588,-3.03525542562e-05,9.87463745451e-06,-0.000781350673611,0.000169110086318,2.07291006136e-05,0.000659175392636,-0.000285033190332,-4.30904270619e-05,0.000275280565542,0.00661449663919,-0.000738290833529
0.000827702161186,-3.2923518114e-05,0.000582546330342,7.0370462971e-05,-0.000255401427448,0.000122027270817,-0.000831898630125,6.69277280866e-05,0.0011953880294,0.000394224176041,-0.000738290833529,0.00393651679037
