The first line is mean vector, the rest are inversed covariance matrix.
43.9842318501,20.8331908665,10.4394730679,4.97621662763,3.85411709602,-4.29841920375,-8.44540632319,-6.14366042155,5.33051405152,1.34135128806,-0.772145199063,3.10906557377
0.0187038598968,-0.000507174777858,0.00022619849036,4.63797819652e-06,0.00161601073266,0.000584538402542,0.000369326020995,-0.00101045312343,0.000480390222353,-0.000114813027455,-0.00114837298954,0.0014933634006
-0.000507174777858,0.000929744394595,0.000112770301885,3.42563126355e-05,-0.000275693128448,1.32295563338e-05,-0.000344619528308,-0.000440121465495,0.000606199862557,-0.000226867506121,-0.00015647652447,0.000105593164855
0.00022619849036,0.000112770301885,0.000605186502689,-6.77655491643e-05,-0.000468555250677,-0.000181273329752,0.000106461948089,-0.000163678069796,-3.83852798467e-05,-0.000161521768003,0.000152601511371,0.00018623366571
4.63797819652e-06,3.42563126355e-05,-6.77655491643e-05,0.000777755923676,-3.67568739161e-05,0.000289248272993,6.61256044703e-05,8.7794360562e-05,-0.000146093937598,6.22299945707e-05,8.73244550197e-05,-3.52875999388e-05
0.00161601073266,-0.000275693128448,-0.000468555250677,-3.67568739161e-05,0.00160286973315,-2.20387283522e-05,0.00034935980242,-9.98564893632e-05,8.88746246131e-05,0.000195592257266,-0.000119984443121,-0.000366869649929
0.000584538402542,1.32295563338e-05,-0.000181273329752,0.000289248272993,-2.20387283522e-05,0.00156843072561,-0.000120722744615,0.000128268501643,-0.000212006022186,0.000840859507507,-1.79673286804e-05,4.00360965199e-05
0.000369326020995,-0.000344619528308,0.000106461948089,6.61256044703e-05,0.00034935980242,-0.000120722744615,0.00196612763715,-0.000471264275454,-0.00104790031698,-0.000826879263594,0.000464705335068,0.000146635872283
-0.00101045312343,-0.000440121465495,-0.000163678069796,8.7794360562e-05,-9.98564893632e-05,0.000128268501643,-0.000471264275454,0.00327376829688,-0.000175647443523,0.00114756229944,0.000219084384788,-1.54030400517e-05
0.000480390222353,0.000606199862557,-3.83852798467e-05,-0.000146093937598,8.88746246131e-05,-0.000212006022186,-0.00104790031698,-0.000175647443523,0.00448497666905,-0.000135658554043,6.82498177551e-06,0.00092296653211
-0.000114813027455,-0.000226867506121,-0.000161521768003,6.22299945707e-05,0.000195592257266,0.000840859507507,-0.000826879263594,0.00114756229944,-0.000135658554043,0.00433204986341,0.000139505468611,0.000266781254868
-0.00114837298954,-0.00015647652447,0.000152601511371,8.73244550197e-05,-0.000119984443121,-1.79673286804e-05,0.000464705335068,0.000219084384788,6.82498177551e-06,0.000139505468611,0.00432861588116,-0.000429916624555
0.0014933634006,0.000105593164855,0.00018623366571,-3.52875999388e-05,-0.000366869649929,4.00360965199e-05,0.000146635872283,-1.54030400517e-05,0.00092296653211,0.000266781254868,-0.000429916624555,0.0029154783637
