The first line is mean vector, the rest are inversed covariance matrix.
44.0953343465,1.35690577508,21.5579878419,2.34903799392,7.70653647416,5.11982826748,-12.7495303951,-4.30767933131,5.90237841945,0.243582066869,0.550278115502,9.38531914894
0.0264884544006,-0.000162999778197,-0.000171249929917,-0.000172252929332,0.000571897407377,0.000812742397006,-0.000295476117301,0.00166928578128,-0.00212481811076,0.000152254683569,-0.00209214021266,-0.000245093746824
-0.000162999778197,0.000444313844724,0.000162484757072,0.000105223123007,-0.000202394758826,6.99056125974e-05,-2.33687448113e-05,9.36238564004e-06,0.00016207351649,8.5845725175e-05,-6.87754598837e-05,-3.22061373776e-05
-0.000171249929917,0.000162484757072,0.000716590050877,0.000100598354898,-0.000170110239996,0.00013483217744,-0.000126298273411,2.10436049209e-05,0.000185822319228,6.63908822264e-05,3.06550777855e-05,7.55309332411e-06
-0.000172252929332,0.000105223123007,0.000100598354898,0.000627145321006,-3.02757368044e-05,0.000201618637304,7.35628409086e-06,8.3929261528e-05,0.000168712948777,3.67942721316e-05,0.000195945866368,-1.64869530739e-05
0.000571897407377,-0.000202394758826,-0.000170110239996,-3.02757368044e-05,0.00150711341277,-0.000157959239256,-0.000110699224064,-8.23455143088e-06,-0.000202024716109,7.67535042483e-06,4.7489804328e-05,-0.000460289989095
0.000812742397006,6.99056125974e-05,0.00013483217744,0.000201618637304,-0.000157959239256,0.000903522352552,-0.000234004868586,9.96735651503e-05,8.99324809651e-05,-7.4784681461e-05,-2.73822727942e-05,0.000312699286677
-0.000295476117301,-2.33687448113e-05,-0.000126298273411,7.35628409086e-06,-0.000110699224064,-0.000234004868586,0.00204815910661,0.000220715490341,-0.000835185246951,-8.65417846412e-05,-0.000388609553899,3.38535460946e-05
0.00166928578128,9.36238564004e-06,2.10436049209e-05,8.3929261528e-05,-8.23455143088e-06,9.96735651503e-05,0.000220715490341,0.00134829638821,-0.000530374158876,0.000235582355091,-0.000420927129201,0.000281047324282
-0.00212481811076,0.00016207351649,0.000185822319228,0.000168712948777,-0.000202024716109,8.99324809651e-05,-0.000835185246951,-0.000530374158876,0.00362429215704,0.000322984310887,3.17126541725e-05,-0.000229610107438
0.000152254683569,8.5845725175e-05,6.63908822264e-05,3.67942721316e-05,7.67535042483e-06,-7.4784681461e-05,-8.65417846412e-05,0.000235582355091,0.000322984310887,0.00167964205864,0.000106835015065,9.87998546588e-05
-0.00209214021266,-6.87754598837e-05,3.06550777855e-05,0.000195945866368,4.7489804328e-05,-2.73822727942e-05,-0.000388609553899,-0.000420927129201,3.17126541725e-05,0.000106835015065,0.00243182967824,0.000389473083128
-0.000245093746824,-3.22061373776e-05,7.55309332411e-06,-1.64869530739e-05,-0.000460289989095,0.000312699286677,3.38535460946e-05,0.000281047324282,-0.000229610107438,9.87998546588e-05,0.000389473083128,0.00505824327523
