The first line is mean vector, the rest are inversed covariance matrix.
44.116104034,20.0720095541,-28.6792908705,-4.87009023355,-11.8457664544,-17.6732802548,0.810145435244,6.11300955414,0.68340552017,6.30026326964,1.51120912951,-12.9122059448
0.0262892251695,0.00148376115669,-0.00101985031922,0.000228071266521,0.00119407227735,-0.000173369362885,-0.000796781047897,0.00104441842368,0.000245914030934,0.00284319071867,-0.000800405367077,0.00301399251121
0.00148376115669,0.000884263830069,2.75284391138e-05,5.46316890643e-05,-0.000347499992521,-5.35947153073e-05,-5.87110029375e-05,8.11438193728e-05,-8.22562639506e-05,0.000162402995651,2.86749687148e-05,0.000166254415178
-0.00101985031922,2.75284391138e-05,0.000739583618295,-7.735209185e-05,-0.000503810432457,9.75921413695e-06,-0.000343889009612,-3.08955793825e-05,-7.361486925e-05,9.96717980063e-05,6.51123401846e-05,5.42279752096e-05
0.000228071266521,5.46316890643e-05,-7.735209185e-05,0.00130715890073,6.07082514351e-05,0.000227118972048,0.000460986143647,-0.000728137295912,-0.000234116401147,-0.00022790305504,-0.000680276652264,-1.71743107643e-05
0.00119407227735,-0.000347499992521,-0.000503810432457,6.07082514351e-05,0.00264652866452,-0.000177833418448,-0.000302061145325,0.000167159975037,0.000314614630895,0.000362255700735,0.000489095903262,0.000250171020347
-0.000173369362885,-5.35947153073e-05,9.75921413695e-06,0.000227118972048,-0.000177833418448,0.00137127819209,0.000252764828313,-0.000462776425036,-0.000352298390368,-0.000574422132421,-0.000281621219593,0.000284270145834
-0.000796781047897,-5.87110029375e-05,-0.000343889009612,0.000460986143647,-0.000302061145325,0.000252764828313,0.00324329281698,0.00059976126636,-0.000699306529479,-0.000516488322345,-0.000394035502315,-0.000417002083812
0.00104441842368,8.11438193728e-05,-3.08955793825e-05,-0.000728137295912,0.000167159975037,-0.000462776425036,0.00059976126636,0.00332784964322,2.4299572272e-05,0.00103113297844,-0.000733093701335,5.99132212252e-06
0.000245914030934,-8.22562639506e-05,-7.361486925e-05,-0.000234116401147,0.000314614630895,-0.000352298390368,-0.000699306529479,2.4299572272e-05,0.0050766422626,-0.000147982819653,0.000361611401021,-0.000137279346059
0.00284319071867,0.000162402995651,9.96717980063e-05,-0.00022790305504,0.000362255700735,-0.000574422132421,-0.000516488322345,0.00103113297844,-0.000147982819653,0.00679971843593,-0.00134118778768,9.74532332226e-05
-0.000800405367077,2.86749687148e-05,6.51123401846e-05,-0.000680276652264,0.000489095903262,-0.000281621219593,-0.000394035502315,-0.000733093701335,0.000361611401021,-0.00134118778768,0.00555364654972,0.00026917283831
0.00301399251121,0.000166254415178,5.42279752096e-05,-1.71743107643e-05,0.000250171020347,0.000284270145834,-0.000417002083812,5.99132212252e-06,-0.000137279346059,9.74532332226e-05,0.00026917283831,0.00565104741629
