The first line is mean vector, the rest are inversed covariance matrix.
47.0041720818,-23.8652611312,32.5543525872,11.1467472924,2.92521179302,-2.09436582431,1.57294945848,-9.64700842359,13.1784031288,-6.04901925391,-0.224200962696,2.20391937425
0.0357097416338,-0.00139079390487,6.01763862402e-05,0.00121642218394,0.00119070309644,0.000798907484746,-0.00120932322521,1.94308917805e-05,-0.00217351110781,-0.00149883871346,0.00272892929612,0.000740547085339
-0.00139079390487,0.000865937850687,0.000331129664365,0.000164266829922,-0.000508051506849,0.000117631405742,0.00033245919824,6.57830073282e-05,-2.2632290122e-05,6.30342085784e-05,5.07598914965e-06,-2.70344020687e-05
6.01763862403e-05,0.000331129664365,0.000627419787425,-8.43777293642e-05,-0.000636427233438,-0.000188838893182,0.000165240378921,-0.000226111425292,6.75601291481e-05,-0.000427213605692,-0.000298489889835,0.000154201162534
0.00121642218394,0.000164266829922,-8.43777293642e-05,0.00100955466863,-8.48181975913e-05,5.24700194023e-05,0.000265618310966,0.000234319873544,-0.000106301896084,-0.000146535776192,0.000332256116194,-0.000196999168585
0.00119070309644,-0.000508051506849,-0.000636427233438,-8.48181975913e-05,0.00221053351421,0.000265439419948,-0.000465215495205,-0.00018824214399,0.00061732373314,0.000582126831586,6.90144017961e-05,-8.64787216074e-05
0.000798907484746,0.000117631405742,-0.000188838893182,5.24700194023e-05,0.000265439419948,0.00171577772797,0.000215992166897,7.13927645079e-05,-0.00023487112057,0.000457752021094,-0.00030450327462,3.98245550059e-05
-0.00120932322521,0.00033245919824,0.000165240378921,0.000265618310966,-0.000465215495205,0.000215992166897,0.00198685573128,0.000252172851962,-0.000593741246864,-0.000107673962121,0.000136650159535,-4.58631257491e-05
1.94308917805e-05,6.57830073282e-05,-0.000226111425292,0.000234319873544,-0.00018824214399,7.13927645079e-05,0.000252172851962,0.00258581582434,-0.000255014287077,0.000739255598162,0.00021142307035,0.000293098812573
-0.00217351110781,-2.2632290122e-05,6.75601291481e-05,-0.000106301896084,0.00061732373314,-0.00023487112057,-0.000593741246864,-0.000255014287077,0.0045221558625,0.000324344438481,-0.00013659434584,0.000155524059386
-0.00149883871346,6.30342085784e-05,-0.000427213605692,-0.000146535776192,0.000582126831586,0.000457752021094,-0.000107673962121,0.000739255598162,0.000324344438481,0.00502204435033,-0.000100162612671,0.000656132276075
0.00272892929612,5.07598914965e-06,-0.000298489889835,0.000332256116194,6.90144017961e-05,-0.00030450327462,0.000136650159535,0.00021142307035,-0.00013659434584,-0.000100162612671,0.00523077799809,5.32965996813e-05
0.000740547085339,-2.70344020687e-05,0.000154201162534,-0.000196999168585,-8.64787216074e-05,3.98245550059e-05,-4.58631257491e-05,0.000293098812573,0.000155524059386,0.000656132276075,5.32965996813e-05,0.00470274611152
