The first line is mean vector, the rest are inversed covariance matrix.
50.6591552063,22.9181591356,50.9734636542,-1.83669548134,-25.8970667976,-23.1696385069,2.55715913556,-1.7630589391,1.85192927308,4.01700392927,-0.394314341847,-1.03302946955
0.0586097178288,-0.000139685791016,-0.000614121525045,0.0011002064824,0.00065263811091,0.00262707485561,-0.00508994866872,-0.00153526822744,0.00284160126653,-0.00229801651345,0.00233278727274,0.0057291985046
-0.000139685791016,0.00161329912508,0.000384299824183,2.09877022624e-05,-0.000149120496039,5.02487687104e-05,-0.000441640104064,2.45566982394e-05,0.000888780836616,0.000785176326088,-7.27958877775e-05,0.000944253067513
-0.000614121525045,0.000384299824183,0.00209927726332,0.00011388595786,-0.000276512358338,-0.000503394055093,-0.000179459381408,7.53358207973e-05,-3.96738526995e-05,-0.000111913093101,-7.37843570267e-05,-0.000267754221436
0.0011002064824,2.09877022624e-05,0.00011388595786,0.00188989140213,9.48060684474e-05,0.00128175302828,0.000286529598053,-0.000525938264415,-8.11040263987e-05,0.000351242081038,0.000635367111088,-0.000543915898722
0.00065263811091,-0.000149120496039,-0.000276512358338,9.48060684474e-05,0.00188197483006,0.000144391123224,0.000150860026824,-0.000283153036582,-8.06325478889e-05,-0.000436129853799,0.000150107284211,-0.00145252222607
0.00262707485561,5.02487687104e-05,-0.000503394055093,0.00128175302828,0.000144391123224,0.00427432968117,0.000229096700704,6.50137993195e-05,0.000478608482575,-0.00034451588882,-0.000295416798633,-0.000530459295387
-0.00508994866872,-0.000441640104064,-0.000179459381408,0.000286529598053,0.000150860026824,0.000229096700704,0.00306410209297,-0.000417492518319,-0.00141884443815,-0.000928243476929,0.000266298719532,-0.000768164418065
-0.00153526822744,2.45566982394e-05,7.53358207973e-05,-0.000525938264415,-0.000283153036582,6.50137993195e-05,-0.000417492518319,0.00502152975823,-0.000624325287266,0.000851697560163,-0.000763990447992,0.000254528270564
0.00284160126653,0.000888780836616,-3.96738526995e-05,-8.11040263987e-05,-8.06325478889e-05,0.000478608482575,-0.00141884443815,-0.000624325287266,0.00742832922986,9.11217605095e-05,-0.000192649823079,0.00105125734126
-0.00229801651345,0.000785176326088,-0.000111913093101,0.000351242081038,-0.000436129853799,-0.00034451588882,-0.000928243476929,0.000851697560163,9.11217605095e-05,0.00889777687983,-0.000451771804591,0.000859579245001
0.00233278727274,-7.27958877775e-05,-7.37843570267e-05,0.000635367111088,0.000150107284211,-0.000295416798633,0.000266298719532,-0.000763990447992,-0.000192649823079,-0.000451771804591,0.00721690861149,-0.000287938002409
0.0057291985046,0.000944253067513,-0.000267754221436,-0.000543915898722,-0.00145252222607,-0.000530459295387,-0.000768164418065,0.000254528270564,0.00105125734126,0.000859579245001,-0.000287938002409,0.00685199936376
