The first line is mean vector, the rest are inversed covariance matrix.
44.5815845942,36.0816664374,21.4726808803,31.6262689133,-9.19331980743,-18.79165337,3.54789821183,11.6005020633,-2.30648280605,1.03678129298,12.7660935351,2.22889408528
0.167483090265,-0.00654664830639,-0.000480315233172,0.00235083216473,0.00656452771855,0.00416864783687,0.00255703589076,-0.00299356817834,0.00412984958719,0.00141590767432,-0.00952093899536,0.00237109570458
-0.00654664830639,0.00111792134863,-9.31639930896e-05,-0.000359069172165,-0.00111444146423,-0.000337763893054,-0.000157723853078,-0.000137579628073,-0.000762902263361,-0.000294388472874,0.000706419403944,-2.56908054846e-05
-0.000480315233172,-9.31639930896e-05,0.000682135646837,-0.000317080977599,0.000163029146359,-0.000517299259333,0.000373116371106,0.000814453674696,-0.000416725519096,2.40451551392e-05,5.30078817128e-05,-0.000781754968829
0.00235083216473,-0.000359069172165,-0.000317080977599,0.0017202130546,0.000627780050305,0.000555256027018,0.00012163181155,-3.60343358898e-05,0.000318300379907,-0.000218064448901,-0.000288528521755,0.000401823160579
0.00656452771855,-0.00111444146423,0.000163029146359,0.000627780050305,0.00335204127855,-0.000304020650553,0.00103388590298,0.00105714790716,0.00178252453683,0.00107204545926,-0.000187158279262,0.00137621589181
0.00416864783687,-0.000337763893054,-0.000517299259333,0.000555256027018,-0.000304020650553,0.00306341186305,-0.000724833690939,0.000174659906732,4.65890199337e-05,-0.00111966130596,-0.00156482348536,-1.56115480246e-06
0.00255703589076,-0.000157723853078,0.000373116371106,0.00012163181155,0.00103388590298,-0.000724833690939,0.00335605565021,-0.000157372885574,0.000987410779195,-0.000258445096821,-2.58703916565e-06,0.00199365831345
-0.00299356817834,-0.000137579628073,0.000814453674696,-3.60343358898e-05,0.00105714790716,0.000174659906732,-0.000157372885574,0.00647350352049,-0.00015456668974,-0.000589404763862,-0.00117986560421,-0.000118782238273
0.00412984958719,-0.000762902263361,-0.000416725519096,0.000318300379907,0.00178252453683,4.65890199337e-05,0.000987410779195,-0.00015456668974,0.00803353383814,-0.000615947569132,0.000927124379089,0.00213497244372
0.00141590767432,-0.000294388472874,2.40451551392e-05,-0.000218064448901,0.00107204545926,-0.00111966130596,-0.000258445096821,-0.000589404763862,-0.000615947569132,0.00768240955934,-0.000187974778394,0.000642340543728
-0.00952093899536,0.000706419403944,5.30078817128e-05,-0.000288528521755,-0.000187158279262,-0.00156482348536,-2.58703916565e-06,-0.00117986560421,0.000927124379089,-0.000187974778394,0.00676332486199,0.000388207844112
0.00237109570458,-2.56908054846e-05,-0.000781754968829,0.000401823160579,0.00137621589181,-1.56115480246e-06,0.00199365831345,-0.000118782238273,0.00213497244372,0.000642340543728,0.000388207844112,0.010858490121
