The first line is mean vector, the rest are inversed covariance matrix.
48.8662276356,1.78637985136,-12.6476374897,52.2658318194,12.1105020644,-6.77236608863,4.58933223231,-14.3367266722,-0.825115056427,4.45248499862,8.26753537022,5.54555601431
0.0736646804121,-7.13280735792e-05,-0.000713683067366,0.00451024935023,-0.000558210706309,0.00225205626757,0.000553356609854,0.00114235301464,0.00113731861478,0.00138224469268,-0.00394314714713,0.000487132287374
-7.13280735792e-05,0.000250190198581,-4.82915372606e-05,-4.54450397521e-05,-0.000149601678195,1.84494480361e-05,-1.65624312989e-05,-0.000104053434699,2.20979223307e-05,0.000169120912681,-4.23483999721e-05,5.88129601308e-05
-0.000713683067366,-4.82915372606e-05,0.000349652341336,9.29029203755e-05,-0.000156551510577,-7.1230887885e-05,-9.48898524165e-05,-0.000180913270971,0.000118932713407,-0.00014134653986,0.000139060666968,0.000208595759312
0.00451024935023,-4.54450397521e-05,9.29029203755e-05,0.00102528562744,-5.27328457833e-05,0.000108557432783,1.22717769047e-05,0.000174924643701,0.000543283441901,-0.00014636549512,-8.23030949196e-05,-1.72871925065e-05
-0.000558210706309,-0.000149601678195,-0.000156551510577,-5.27328457833e-05,0.00125103083892,-0.000143831495226,0.00027269320111,0.000602434611258,-0.00028635729532,0.000248606624139,0.000188992334055,-0.000435681925547
0.00225205626757,1.84494480361e-05,-7.1230887885e-05,0.000108557432783,-0.000143831495226,0.00113384040351,-0.000266403191463,0.00016250115049,1.74808452011e-05,0.000433871288917,-0.000892104823442,-2.55717627069e-05
0.000553356609854,-1.65624312989e-05,-9.48898524165e-05,1.22717769047e-05,0.00027269320111,-0.000266403191463,0.00204138127204,0.000349195580541,-0.000414379974653,9.89752868533e-05,-0.000306591302689,9.17629700088e-06
0.00114235301464,-0.000104053434699,-0.000180913270971,0.000174924643701,0.000602434611258,0.00016250115049,0.000349195580541,0.00179965793344,-0.000420244974731,-0.000152256071711,-0.000699373503502,-0.000170226812914
0.00113731861478,2.20979223307e-05,0.000118932713407,0.000543283441901,-0.00028635729532,1.74808452011e-05,-0.000414379974653,-0.000420244974731,0.00455750110325,0.000247147984926,0.000341014799787,-0.000495194571887
0.00138224469268,0.000169120912681,-0.00014134653986,-0.00014636549512,0.000248606624139,0.000433871288917,9.89752868533e-05,-0.000152256071711,0.000247147984926,0.00235927478764,-0.000482760940997,-0.000622807408281
-0.00394314714713,-4.23483999721e-05,0.000139060666968,-8.23030949196e-05,0.000188992334055,-0.000892104823442,-0.000306591302689,-0.000699373503502,0.000341014799787,-0.000482760940997,0.00370159918274,0.00064062347782
0.000487132287374,5.88129601308e-05,0.000208595759312,-1.72871925065e-05,-0.000435681925547,-2.55717627069e-05,9.17629700088e-06,-0.000170226812914,-0.000495194571887,-0.000622807408281,0.00064062347782,0.0052425538251
