The first line is mean vector, the rest are inversed covariance matrix.
44.6836852876,54.5902035398,-13.4579679204,-5.7842085177,-1.77858628319,-25.5428202434,13.663568031,11.9256482301,-2.47351106195,5.18254314159,4.15409623894,7.64309623894
0.0582382016153,-0.00174009185189,-0.00167716027577,-0.00140405286418,0.00450595777458,0.00180125808244,-0.000324927683173,0.00262180038373,-0.00483978167188,-0.0014907786035,-0.0042847264825,-0.000747437214525
-0.00174009185189,0.000278914028778,0.000119620477052,0.000136347107301,0.000106155322114,-0.000179364874398,0.00012773141629,-3.00576970392e-05,-3.67866526262e-05,0.000156439924872,0.000320316284309,-0.000309727777584
-0.00167716027577,0.000119620477052,0.000777771216741,-0.000326982706311,-0.000219771130978,-0.000272563134123,-0.000363201624648,0.000253486339647,0.000365532304738,0.000245912797782,0.000217253491849,0.000214200024086
-0.00140405286418,0.000136347107301,-0.000326982706311,0.00175200046037,0.000178233077332,-0.000308747748091,0.000182029965033,-0.000280804665801,-0.000102603071186,2.90043561735e-05,0.00013672671297,-0.000405228986383
0.00450595777458,0.000106155322114,-0.000219771130978,0.000178233077332,0.00122610924736,0.0003830379383,0.000119433881195,0.000445642462596,-0.000804032049595,9.47571012236e-05,-9.26457248986e-05,-0.000328769001068
0.00180125808244,-0.000179364874398,-0.000272563134123,-0.000308747748091,0.0003830379383,0.00289889663127,0.000104102089251,0.000393463092642,-6.7725985124e-05,-0.000412954915056,-0.000243539814043,5.63550084079e-05
-0.000324927683173,0.00012773141629,-0.000363201624648,0.000182029965033,0.000119433881195,0.000104102089251,0.00136103594457,-0.000547964642366,-0.000189074855826,4.26503374102e-05,0.000860258423166,-0.00083960489686
0.00262180038373,-3.00576970392e-05,0.000253486339647,-0.000280804665801,0.000445642462596,0.000393463092642,-0.000547964642366,0.00332401796007,3.5383086944e-05,-0.00105006358724,-0.0018075576888,0.000170833687007
-0.00483978167188,-3.67866526262e-05,0.000365532304738,-0.000102603071186,-0.000804032049595,-6.7725985124e-05,-0.000189074855826,3.5383086944e-05,0.00328896825897,-0.000760951646948,-1.92927923668e-05,0.000524437258057
-0.0014907786035,0.000156439924872,0.000245912797782,2.90043561735e-05,9.47571012236e-05,-0.000412954915056,4.26503374102e-05,-0.00105006358724,-0.000760951646948,0.00414952628547,0.00110478746013,-8.49769179744e-06
-0.0042847264825,0.000320316284309,0.000217253491849,0.00013672671297,-9.26457248986e-05,-0.000243539814043,0.000860258423166,-0.0018075576888,-1.92927923668e-05,0.00110478746013,0.00644118944287,-0.000895491060497
-0.000747437214525,-0.000309727777584,0.000214200024086,-0.000405228986383,-0.000328769001068,5.63550084079e-05,-0.00083960489686,0.000170833687007,0.000524437258057,-8.49769179744e-06,-0.000895491060497,0.00421224488706
