The first line is mean vector, the rest are inversed covariance matrix.
51.4131912046,67.2835793499,17.7604713193,13.7251816444,3.4982456979,-19.2445095602,6.90501434034,-0.178455066922,6.47429732314,3.6796625239,2.96393690249,-4.31058795411
0.141494649244,-0.00642107610396,-0.000388806745024,-0.00199164032688,0.00299504854115,0.0011834135718,-0.0049979112183,-9.29742446028e-05,-0.00388615224092,-0.00308149548254,-0.00151922528497,0.000108177277326
-0.00642107610396,0.000788334288165,-5.26580035138e-05,4.200467308e-05,-0.000106333240781,-0.000212063164969,0.000446677628286,0.000163875155217,-0.000114869468343,0.00026822835926,-1.80212698329e-05,0.000207443583632
-0.000388806745024,-5.26580035138e-05,0.000691415318919,1.04661271596e-05,-0.000388281031148,-0.000223829045287,2.19030312739e-05,8.33854766196e-05,0.000376018750996,0.000111549843969,0.000189287843739,0.000166194330062
-0.00199164032688,4.200467308e-05,1.04661271596e-05,0.00117548146365,-0.000180577749616,0.000505633696481,0.000368880549096,-0.00031558105938,0.00052605325055,-0.000195493006819,-0.000102289039,-0.000215041271615
0.00299504854115,-0.000106333240781,-0.000388281031148,-0.000180577749616,0.00169379252224,-9.98587076078e-05,-1.82578295337e-05,0.000337289580755,-2.17985868734e-05,0.000197853392165,-0.00023210768169,-0.000904368283922
0.0011834135718,-0.000212063164969,-0.000223829045287,0.000505633696481,-9.98587076078e-05,0.00146755244556,-1.45861329775e-05,0.000399776534639,-7.4247727092e-05,0.000511363380484,0.000134057250368,-0.000236984709392
-0.0049979112183,0.000446677628286,2.19030312739e-05,0.000368880549096,-1.82578295337e-05,-1.45861329775e-05,0.00217775934133,5.16151205748e-06,-0.000446898460732,-0.000178563878101,0.000109873964607,-9.04362754897e-05
-9.29742446028e-05,0.000163875155217,8.33854766196e-05,-0.00031558105938,0.000337289580755,0.000399776534639,5.16151205748e-06,0.00221345373472,-0.000184390624234,0.00087132397708,-0.00035703078427,0.000201731381928
-0.00388615224092,-0.000114869468343,0.000376018750996,0.00052605325055,-2.17985868734e-05,-7.4247727092e-05,-0.000446898460732,-0.000184390624234,0.00608296220424,0.000603617346237,0.000468740127006,0.00185760304216
-0.00308149548254,0.00026822835926,0.000111549843969,-0.000195493006819,0.000197853392165,0.000511363380484,-0.000178563878101,0.00087132397708,0.000603617346237,0.00465096652125,2.8264109022e-05,0.00110457915321
-0.00151922528497,-1.80212698329e-05,0.000189287843739,-0.000102289039,-0.00023210768169,0.000134057250368,0.000109873964607,-0.00035703078427,0.000468740127006,2.8264109022e-05,0.00341524683018,3.53898039684e-05
0.000108177277326,0.000207443583632,0.000166194330062,-0.000215041271615,-0.000904368283922,-0.000236984709392,-9.04362754897e-05,0.000201731381928,0.00185760304216,0.00110457915321,3.53898039684e-05,0.00520768261466
