The first line is mean vector, the rest are inversed covariance matrix.
39.0971443662,1.66355734406,-62.2045090543,2.80410110664,7.43411317907,-17.5064235412,14.7080674044,-5.6884250503,-9.23394517103,-2.58098289738,6.32371830986,-3.80359859155
0.146684627939,-0.00842759416579,-0.00424311467875,-0.000737528317331,0.00374540511876,0.00145005370517,-0.00296534691982,-0.00310923867216,0.000728600799625,-0.000799051859665,-0.00356926463254,-0.00562154609373
-0.00842759416579,0.00084131533134,8.73298333831e-05,2.13137219063e-05,-0.000375904215676,-0.000237952037988,0.000376914307714,0.0002573888789,0.000258028006954,0.000144566044952,0.000202562120927,0.000315180326122
-0.00424311467875,8.73298333831e-05,0.000832019643438,-1.58846761547e-05,0.00037872006002,-0.000314112581826,-0.00017621530984,0.000258930521802,0.000299225476446,-0.000118481400181,0.000448577459332,0.000391479487971
-0.000737528317331,2.13137219063e-05,-1.58846761547e-05,0.00178812283553,0.000248855561934,-6.80296160385e-05,0.000229011134171,0.000949256675246,9.30773576268e-05,-0.000321113600173,-0.00029533752674,-0.000518580457521
0.00374540511876,-0.000375904215676,0.00037872006002,0.000248855561934,0.00139071481298,1.57724456695e-05,-0.000157737886289,0.000296662917143,-0.000256368068844,2.4973996213e-08,0.000225799538595,0.000250635646342
0.00145005370517,-0.000237952037988,-0.000314112581826,-6.80296160385e-05,1.57724456695e-05,0.00162058110484,-0.000115020154046,-4.81301549562e-05,-0.000458621658891,0.00038552596461,-0.000685537669479,-0.000562694343396
-0.00296534691982,0.000376914307714,-0.00017621530984,0.000229011134171,-0.000157737886289,-0.000115020154046,0.00255366646973,-0.000210183239809,-0.000271896501194,0.000146613939412,0.00034462363471,0.000767406985778
-0.00310923867216,0.0002573888789,0.000258930521802,0.000949256675246,0.000296662917143,-4.81301549562e-05,-0.000210183239809,0.00289927115854,4.84097394763e-05,7.08741800412e-05,-0.00092597370305,0.000253562027685
0.000728600799625,0.000258028006954,0.000299225476446,9.30773576268e-05,-0.000256368068844,-0.000458621658891,-0.000271896501194,4.84097394763e-05,0.00317200957433,-0.000193553801718,0.000582590062333,-0.000252172362906
-0.000799051859665,0.000144566044952,-0.000118481400181,-0.000321113600173,2.49739962129e-08,0.00038552596461,0.000146613939412,7.08741800412e-05,-0.000193553801718,0.0041890704783,0.00087420278148,-0.000579347817181
-0.00356926463254,0.000202562120927,0.000448577459332,-0.00029533752674,0.000225799538595,-0.000685537669479,0.00034462363471,-0.00092597370305,0.000582590062333,0.00087420278148,0.00540731084354,0.000254711788024
-0.00562154609373,0.000315180326122,0.000391479487971,-0.000518580457521,0.000250635646342,-0.000562694343396,0.000767406985778,0.000253562027685,-0.000252172362906,-0.000579347817181,0.000254711788024,0.00618299773231
