The first line is mean vector, the rest are inversed covariance matrix.
42.8245426009,-13.0633150224,-27.2515627803,35.1901070628,4.9677191704,-19.0060840807,12.8949400224,-7.23765302691,4.57331558296,18.461786435,2.55106334081,3.97859473094
0.130668931161,-0.00383636721519,-0.00303451871777,0.00306769483222,-1.32391033991e-05,0.00469919802594,-0.00414196991953,0.00791130466564,-0.00904003311434,0.00604953832695,-0.00312275466772,-0.00148464803579
-0.00383636721519,0.000664664823314,-3.36258174079e-05,6.76684993995e-05,-0.000596301066993,-7.86546157665e-05,0.00109975851191,0.000201928110773,-0.000500339261051,7.27018289008e-05,-0.000229768746771,-0.000298257927133
-0.00303451871777,-3.36258174079e-05,0.00173428460463,0.000349963524937,0.000405522935714,0.000517672641872,-6.02713404849e-05,-0.00053504759414,-0.000347242505053,0.000810346191299,-0.000321862148561,0.000122453316846
0.00306769483222,6.76684993995e-05,0.000349963524937,0.00152369683534,-0.000133908930012,-0.000288721277423,0.00115030515742,0.000698384367041,2.75075700948e-05,-0.000255521109899,0.000836717226811,0.000276904010094
-1.32391033991e-05,-0.000596301066993,0.000405522935714,-0.000133908930012,0.00233375108681,0.000275465650404,-0.0027195373509,-0.000700193278819,0.000330834524535,0.000375300836208,0.000411715604892,0.000838132518662
0.00469919802594,-7.86546157665e-05,0.000517672641872,-0.000288721277423,0.000275465650404,0.00229909387529,-0.000825528909092,0.000531242278636,-0.00154709966498,0.00214466119345,-0.0016921069676,0.000929130700106
-0.00414196991953,0.00109975851191,-6.02713404849e-05,0.00115030515742,-0.0027195373509,-0.000825528909092,0.00666952733818,0.000519138149361,0.000627909898012,-0.000879706031968,-0.000496207800622,-0.00106263377798
0.00791130466564,0.000201928110773,-0.00053504759414,0.000698384367041,-0.000700193278819,0.000531242278636,0.000519138149361,0.0027154996419,-0.00108664027502,0.00103665528593,-5.12819326657e-06,-0.000157446513086
-0.00904003311434,-0.000500339261051,-0.000347242505053,2.75075700948e-05,0.000330834524535,-0.00154709966498,0.000627909898012,-0.00108664027502,0.00523246837983,-0.00171500144655,0.00122024687106,0.00022397162491
0.00604953832695,7.27018289008e-05,0.000810346191299,-0.000255521109899,0.000375300836208,0.00214466119345,-0.000879706031968,0.00103665528593,-0.00171500144655,0.00564431890221,-0.00279118738049,-8.58135716444e-05
-0.00312275466772,-0.000229768746771,-0.000321862148561,0.000836717226811,0.000411715604892,-0.0016921069676,-0.000496207800622,-5.12819326657e-06,0.00122024687106,-0.00279118738049,0.00424162593064,8.97701112992e-05
-0.00148464803579,-0.000298257927133,0.000122453316846,0.000276904010094,0.000838132518662,0.000929130700106,-0.00106263377798,-0.000157446513086,0.00022397162491,-8.58135716444e-05,8.97701112992e-05,0.0053147336134
